0007
0045
0081
0098
0099
0118
0152
0168
0210
0236
0257
0270
0288
0306
0331
0338
0350
0359
0361
0370
0377
0414
0432
0454
0467
0476
0482
0508
0519
0560
0569
0571
0624
0655
0663
0673
0743
0744
0750
0753
0804
0832
0872
0873
0875
0906
0942
0943
0947
0967
1041
1059
1092
1095
1135
1149
1152
1165
1177
1198
1207
1221
1237
1278
1315
1347
1375
1378
1442
1446
1465
1469
1485
1489
1524
1544
1589
1593
1605
1618
1641
1645
1650
1655
1662
1699
1727
1761
1770
1794
1805
1809
1815
1833
1843
1866
1869
1872
1880
1889
1892
1934
