0001 100 100 100 100 100 100
0002  80  40  60  45  40  60
0003 100  30  30  55  30  40
0004  60  70  40  50  50  40
0005  80  50  40  40  40  40
0006  60  60  50  55  60  40
0008  80  60  40  50  60  60
0009  60  50  40  45  50  60
0010  60  30  40  55  50  40
0011  40  30  60  50  40  60
0012  40  50  60  40  50  60
0013  40  50  60  50  50  60
0015  40  50  40  50  50  40
0016  40  30  60  35  50  40
0017  40  40  50  40  30  60
0018  40  40  50  40  60  60
0019  60  50  50  35  50  60
0020  60  50  40  50  30  80
0021  80  40  40  45  50 100
0022  40  40  30  65  50  40
0023  60  40  30  50  40  40
0024  80  50  50  55  30  60
0025  40  30  40  35  30  80
0026  40  50  40  40  50  40
0027  40  30  50  45  40  60
0028  40  40  30  45  50  40
0029  80  40  40  45  30  60
0030  40  40  40  50  40  60
0031  60  30  40  55  70  40
0032  60  50  30  50  40  40
0034  40  50  50  45  30  60
0035  40  40  60  50  50  40
0036  40  30  30  55  50  60
0037  60  30  50  55  30  40
0038  60  40  40  50  60  60
0039  40  40  60  40  30  40
0040  40  40  40  45  70  60
0042  40  40  40  40  50  60
0043  40  50  40  45  30  60
0044  40  30  30  50  40  60
0046  40  40  40  55  50  40
0047  40  40  40  55  30  40
0048  80  50  40  45  40  40
0049  40  30  40  45  40  40
0050  60  40  50  45  30  40
0051  60  70  60  60  40  40
0052  60  70  40  55  50  60
0053  60  30  40  50  40  60
0054  80  60  60  40  50  40
0055  40  30  30  40  40  60
0056  60  60  50  65  50  60
0057  60  40  40  50  30  40
0058  60  50  50  50  40  40
0059  40  60  30  45  40  40
0060  40  50  40  50  70  40
0061  60  60  60  60  50  40
0062  80  80  60  50  30  60
0064  40  30  60  35  40  40
0065  40  40  30  40  40  60
0066  40  60  40  40  40  40
0067  40  50  50  40  80  60
0068  40  60  50  55  40  40
0069  40  30  40  40  30  40
0070  60  30  30  60  30  40
0072  60  30  60  50  60  40
0073  80  50  40  45  60  80
0074  60  50  30  50  40  40
0075  60  70  30  50  40  80
0076  40  30  50  45  60  60
0077  80  40  30  55  50  60
0078  40  50  40  50  40  40
0079  60  50  30  55  40  60
0080  40  40  40  40  40  80
0082  60  50  30  40  30  40
0084  40  40  40  45  30  60
0085  40  30  30  45  30  40
0086  60  60  40  50  60  80
0087  60  30  60  40  50  60
0088  60  40  40  45  70  80
0089  40  30  50  50  30  40
0090  60  30  30  40  40  40
0091  60  40  30  50  40  80
0092  40  60  30  55  40  80
0093  40  40  50  45  40  60
0094  40  50  40  55  30  60
0095  60  30  40  50  70  80
0096  60  30  30  50  50  40
0097  60  30  30  50  60  60
0100  60  30  50  50  60  40
0101  40  50  30  50  40  60
0102  40  30  40  50  60  60
0103  60  40  40  50  40  40
0104  60  30  50  50  40  40
0105  80  50  60  55  50  40
0106  60  50  60  60  30  40
0107  60  40  40  65  30  60
0108  40  60  50  55  30  40
0109  40  40  30  45  70  40
0110  60  30  30  55  40  40
0111  60  50  40  50  40  40
0112  40  40  40  40  50  60
0113  40  40  30  45  60  40
0114  60  60  50  45  40  40
0115  80  30  50  45  40  40
0116  40  40  30  40  40  60
0117  60  60  70  50  40  60
0119  80  30  50  40  40  80
0120  40  30  40  50  30  40
0121  60  40  40  45  40  40
0122  40  50  30  50  40  40
0123  40  50  60  45  50  60
0126  40  50  70  40  30  40
0127  40  40  40  40  50  40
0129  40  40  30  50  40  60
0130  40  30  70  70  70  60
0131  40  50  30  50  40  60
0132  40  30  50  45  40  40
0133  60  30  30  45  40  80
0134  40  60  40  45  70  80
0135  40  40  30  50  50  40
0136  40  50  50  35  40  40
0137  40  50  40  40  50  60
0138  40  40  30  45  50  60
0139  40  40  40  45  40  60
0140  60  40  40  45  50  60
0142  60  40  40  50  50  40
0143  60  40  40  45  30  40
0144  40  60  40  45  40  80
0146  40  50  60  50  40  60
0147  40  30  30  35  40  40
0148  80  50  30  45  30  40
0149  80  60  40  50  30  60
0150  60  60  30  55  30  40
0151  60  40  50  55  60  40
0153 100  30  50  40  60  40
0155  60  60  30  45  40  40
0158  40  30  50  40  40  60
0159  60  60  40  50  40  60
0160  60  40  40  55  30  40
0162  60  40  30  45  40  40
0163  80  40  30  35  50  60
0164  80  50  60  50  50  60
0165  60  50  40  50  50  40
0166  40  30  60  50  50  40
0167  40  30  30  55  50  80
0169  40  50  50  45  30  60
0170  60  40  50  50  40  40
0171  60  40  40  45  60  80
0173  40  30  50  50  60  40
0174  40  40  70  40  40  40
0175  60  40  40  60  30  60
0176  40  30  50  50  30  40
0178  60  60  40  35  70  60
0179  80  50  50  40  40  40
0180  40  50  50  50  40  80
0181  40  40  70  50  30  40
0182  40  30  50  45  50  60
0184  40  50  30  50  30  40
0186  40  30  40  35  50  40
0187  60  40  40  40  50  60
0188  60  40  40  55  40  60
0189  60  40  60  45  40  60
0190  40  40  60  55  50  60
0191  60  50  30  60  40  60
0192  40  40  40  45  40  40
0193  60  50  30  45  40  60
0194  40  50  40  40  50  40
0195  60  60  50  50  60  40
0196  60  60  70  45  60  40
0197  40  50  50  40  30  40
0198  40  40  50  50  30  60
0199  40  40  50  55  40  60
0201  40  60  60  40  40  60
0202  40  50  30  50  40  80
0203  60  40  30  50  50  40
0205  60  40  30  50  50  40
0206  40  50  30  50  40  40
0208  40  70  30  50  50  40
0209  60  50  50  40  40  60
0211  40  40  60  60  50  40
0212  40  40  50  45  60  40
0213  60  50  40  40  40  60
0214  60  30  40  65  40  60
0215  60  40  60  40  40  40
0216  40  40  60  45  40  40
0219  60  40  50  40  30  40
0220  60  60  50  65  40  60
0221  40  40  40  45  50  60
0222  60  50  40  40  60  40
0224  40  40  30  45  30  60
0226  40  30  30  45  50  40
0227  40  30  40  50  50  60
0229  40  40  50  60  50  80
0230  40  30  40  45  60  40
0231  80  60  50  55  50  60
0233  60  40  50  45  50  60
0234  60  60  50  45  30  40
0235  60  30  30  45  50  40
0239  80  50  50  55  40  60
0240  60  40  30  40  50  40
0241  40  40  50  45  60  60
0242  40  40  30  50  40  60
0243  40  50  40  50  40  40
0245  40  30  60  45  50  60
0247  60  50  40  55  50  60
0248  60  30  50  40  60  60
0249  40  40  40  35  40  60
0250  40  40  30  45  40  40
0251  40  50  50  55  40  60
0252  80  50  40  50  60  60
0254  60  40  50  55  40  60
0255  60  30  30  40  50  80
0256  60  50  70  40  50  40
0259  60  40  40  45  30  40
0263  40  50  30  60  60  40
0264  40  30  30  40  60  40
0265  40  40  40  55  70  40
0266  40  30  50  55  50  60
0267  40  50  50  45  60  40
0272  40  50  60  40  60  40
0273  60  50  30  55  30  60
0275  60  40  40  50  30  60
0276  40  40  40  40  60  40
0277  40  30  40  65  40  40
0278  40  40  50  50  50  60
0279  40  40  50  55  50  40
0280  40  50  40  45  40  40
0281  60  50  50  50  40  60
0282  40  50  30  55  40  40
0285  80  40  40  40  30  40
0286  60  60  50  55  30  40
0287  40  40  60  45  30  40
0290  40  50  50  50  60  60
0291  40  50  40  55  50  40
0292  60  40  30  50  40  60
0293  60  40  60  60  40  40
0294  40  60  40  40  50  60
0295  60  40  30  60  60  40
0296  40  30  50  60  40  60
0297  40  40  60  50  50  60
0298  40  40  40  60  70  40
0299  40  50  30  45  30  60
0300  40  40  30  40  40  40
0301  40  40  50  45  30  40
0302  60  60  50  55  50  40
0303  40  60  60  55  40  80
0305  40  40  40  40  30  60
0307  40  40  50  45  50  80
0308  40  60  40  40  40  60
0309  80  40  60  40  30  40
0310  40  30  50  50  60  40
0311  40  30  50  45  70  80
0312  40  30  60  45  50  60
0315  60  30  50  55  30  60
0316  40  50  60  50  50  40
0317  60  40  50  45  50  40
0319  40  60  30  35  40  40
0321  60  40  30  55  50  40
0322  60  40  50  60  50  40
0324  40  50  30  70  50  60
0326  80  40  70  35  40  40
0327  60  30  60  35  50  60
0329  60  50  40  40  50  60
0330  40  30  50  45  40  40
0332  40  30  40  45  40  40
0333  60  40  50  45  30  60
0335  40  50  50  45  30  60
0336  40  50  40  40  50  40
0337  40  50  50  45  60  60
0339  40  30  60  55  30  40
0341  40  40  40  45  30  80
0345  40  60  30  55  60  60
0346  60  50  50  40  40  40
0347  60  40  30  50  30  60
0348  60  50  50  55  40  80
0349  40  40  40  50  50  40
0352  60  40  50  50  30  40
0353  40  30  40  45  40  80
0354  60  40  40  50  60  40
0357  40  50  60  50  50  40
0360  60  40  40  45  40  40
0362  40  50  50  45  60  60
0363  40  50  30  40  40  60
0365  40  50  50  55  70  60
0366  80  50  50  60  40  60
0369  40  30  80  45  40  60
0371  60  70  30  45  50  40
0374  40  50  30  60  30  60
0375  60  40  50  50  50  40
0378  60  40  40  40  50  80
0379 100  40  30  45  60  80
0380  60  50  60  55  50  60
0381  40  50  30  50  50  40
0382  60  40  50  50  40  40
0383  40  30  50  55  50  40
0384  40  70  40  35  50  40
0385  40  60  40  55  30  60
0386  80  30  30  45  40  60
0387  60  40  40  40  30  40
0388  60  50  40  45  40  60
0390  60  50  40  45  40  60
0391  80  40  40  50  70  60
0392  40  50  30  45  50  40
0393  60  50  40  55  50  80
0396  40  40  50  50  50  60
0397  40  60  30  50  40  40
0398  60  40  50  45  60  40
0399  40  50  30  50  40  60
0400  60  30  30  45  30  40
0401  60  40  40  45  40  40
0402  80  40  50  45  70  60
0404  40  40  40  55  60  60
0406  40  50  40  35  40  40
0407  40  30  40  55  50  60
0408  40  60  30  40  50  60
0410  40  50  30  40  40  40
0411  60  40  40  55  40  80
0412  40  30  40  40  80  40
0413  80  60  30  35  30  60
0415  60  50  30  55  30  80
0416  80  60  30  65  30  60
0418  80  40  70  40  60  60
0421  60  40  30  60  40  80
0422  40  50  60  55  50  80
0424  60  40  40  50  50  40
0425  40  50  40  40  40  60
0426  40  50  50  55  30  40
0427  80  40  40  40  40  40
0428  60  50  40  50  30  40
0430  60  30  50  45  60  80
0433  80  30  30  40  30  60
0434  60  50  50  50  40  60
0435  40  50  40  40  60  40
0436  60  30  30  50  30  60
0438  40  40  50  50  50  60
0439  40  30  50  35  40  40
0440  40  50  40  45  50  40
0441  80  70  30  35  50  60
0442  60  50  60  35  60  40
0443  60  40  50  40  30  60
0444  40  30  30  35  50  40
0445  60  40  40  50  30  60
0446  60  40  40  55  30  40
0449  60  30  50  45  40  40
0450  40  30  50  45  40  40
0451  80  30  50  45  40  60
0452  60  30  30  50  40  60
0453  40  50  50  50  40  60
0455  40  40  30  50  30  80
0456  80  40  60  45  50  60
0459  60  60  70  40  40  40
0460  40  30  40  55  50  40
0462  40  60  40  55  30  40
0463  60  40  40  55  40  40
0464  40  40  30  50  40  60
0465  60  50  50  45  50  60
0469  40  60  40  40  30  40
0471  40  60  40  45  30  40
0472  40  40  60  45  40  60
0474  60  60  30  45  50  40
0475  40  40  50  50  40  60
0477  40  40  40  50  50  60
0478  60  40  40  35  30  60
0480  40  40  40  60  40  60
0481  40  50  60  50  40  60
0483  60  60  50  55  40  40
0484  80  40  50  55  60  40
0485  60  50  40  55  50  40
0486  40  40  60  45  30  40
0487  40  50  60  60  30  60
0488  60  40  50  50  30  40
0490  40  40  40  40  30  60
0491  40  40  50  45  50  60
0492  40  70  50  45  60  60
0493  60  50  40  40  40  40
0494  60  30  40  50  60  40
0495  40  40  30  40  40  80
0498  40  50  40  40  40  60
0499  40  40  50  35  40  60
0500  40  60  40  55  50  60
0501  60  30  30  40  40  40
0502  60  40  30  40  60  60
0505  40  40  40  55  40  40
0506  40  40  30  50  50  40
0507  60  50  50  60  40  40
0509  40  50  40  50  50  40
0510  60  60  40  50  30  60
0511  40  40  40  60  30  40
0514  60  50  60  45  50  40
0516  60  70  60  50  50  40
0517  80  60  30  55  50  40
0520  60  50  40  35  50  60
0522  60  40  60  55  40  40
0523  60  60  30  50  50  60
0527  40  50  30  50  30  60
0528  40  50  40  45  40  60
0529  60  40  40  45  50  40
0530  40  40  50  60  50  40
0531  40  40  40  50  40  40
0532  40  40  40  45  50  40
0533  60  40  50  55  50  40
0534  40  40  50  50  60  40
0536  60  30  70  55  40  80
0540  40  40  40  40  50  60
0541  40  40  50  40  50  60
0542  60  30  50  60  40  40
0544  40  30  40  50  50  60
0545  60  30  50  55  50  40
0547  40  40  50  45  40 100
0548  40  60  50  45  30  60
0549  80  40  60  50  50  40
0551  80  40  30  65  40  40
0556  60  50  30  55  30  40
0557  40  50  40  45  40  60
0558  40  60  40  65  40  40
0559  80  40  50  60  40  60
0561  40  70  50  50  60  40
0563  40  40  40  65  50  60
0564  40  70  60  40  40  40
0565  60  40  30  45  30  60
0566  60  60  60  60  60  80
0567  60  30  30  45  40  40
0568  80  40  50  50  30  60
0572  60  40  50  50  30  60
0573  60  30  60  65  50  60
0574  40  40  50  40  30  40
0575  60  50  50  60  50  40
0576 100  50  50  50  40  40
0577  40  60  50  50  40  40
0578  60  60  40  60  30  40
0580  40  40  50  45  60  40
0581  60  30  40  40  40  60
0582  40  30  60  45  40  60
0584  60  50  50  50  40  40
0585  40  40  50  55  40  80
0586  60  40  70  55  70  60
0588  40  60  30  50  50  60
0590  60  40  40  45  50  80
0591  80  30  30  45  80  60
0592  40  30  40  55  40  40
0595  60  60  50  55  40  80
0596  40  30  50  45  40  60
0597  60  40  50  45  50  40
0598  40  50  50  40  40  80
0600  40  30  40  45  30  40
0602  40  40  40  50  40  60
0603  40  30  60  50  50  40
0604  40  40  40  50  40  40
0606  40  40  30  60  40  60
0608  40  30  40  55  40  80
0609  40  60  50  50  50  60
0610  40  30  40  45  50  40
0611  40  50  50  50  40  40
0612  40  50  70  60  60  80
0613  60  40  30  40  30  40
0614  60  40  50  50  50  40
0615  40  50  70  50  50  60
0617  40  30  40  60  30  60
0618  40  50  50  45  40  40
0620  40  60  60  50  50  40
0623  40  40  30  40  40  40
0625  40  50  40  50  50  60
0626  60  50  30  60  40  40
0627  40  50  60  45  40  60
0628  40  30  30  50  50  60
0629 100  40  40  50  40  60
0631  40  50  50  50  50  60
0632  60  60  40  40  30  40
0633  40  40  30  45  50  60
0634  40  60  40  55  40  40
0635  60  30  30  45  40  40
0636  40  50  40  45  40  80
0639  80  40  40  45  50  40
0640  40  40  40  45  30  60
0641  60  30  40  45  30  40
0642  60  40  30  65  70  40
0645  40  40  50  35  60  60
0646  40  50  70  55  40  40
0648  40  60  40  35  50  60
0649  40  50  30  45  40  60
0652  40  40  50  55  50  40
0654  60  40  60  45  40  80
0656  40  40  30  50  40  40
0658  40  30  60  45  30  40
0659  80  50  40  50  30  60
0661  40  40  60  50  60  40
0665  80  40  30  50  30  40
0666  60  40  50  65  50  40
0667  80  30  50  50  50  60
0669  60  40  50  55  30  40
0670  60  60  70  50  30  40
0671  80  40  50  60  50  60
0674  60  50  40  45  30  40
0675  60  30  50  50  30  40
0676  60  40  60  50  40  40
0677  60  50  40  50  50  40
0680  40  30  30  55  50  60
0683  40  40  50  55  70  60
0685  40  50  30  45  30  40
0686  40  40  40  45  40  80
0691  60  40  30  45  40  40
0692  60  40  50  55  30  60
0693  60  40  60  40  50  40
0694  40  30  60  40  60  60
0695  40  40  60  50  50  60
0696  40  50  40  45  50  60
0699  40  50  30  60  40  40
0700  40  40  30  55  30  40
0701  60  50  40  65  40  60
0702  60  70  40  35  30  40
0703  60  40  30  50  40  60
0704  40  50  40  45  30  40
0705  40  30  40  50  40  60
0708  40  30  30  45  40  80
0709  60  60  50  40  50  40
0710  40  30  40  40  60  40
0711  60  50  40  55  40  60
0712  60  50  30  40  40  40
0713  40  30  40  50  50  60
0716  60  60  40  45  40  60
0717  40  30  40  40  50  40
0718  60  30  50  40  70  40
0720  40  30  30  40  40  40
0721  80  30  50  45  60  60
0722  40  50  50  45  50  80
0723  40  40  30  50  60  40
0724  80  40  30  45  30  60
0725  60  40  30  50  50  40
0727  40  40  40  40  30  60
0729 100  50  40  40  40  40
0731  40  50  60  40  30  60
0733  40  30  40  40  40  40
0734  40  40  70  60  40  40
0738  40  60  60  60  40  60
0745  40  50  50  50  40  40
0747  40  30  30  35  50  40
0748  40  50  50  60  40  40
0749  40  40  70  45  40  40
0755  40  40  50  60  30  40
0756  40  60  50  60  40  40
0758  40  40  40  45  60  60
0759  40  50  50  50  40  40
0760  60  30  50  50  50  60
0761  40  50  40  35  50  60
0762  60  60  40  50  40  40
0763  40  70  40  50  30  40
0764  40  60  40  55  30  60
0765  40  50  60  40  40  60
0766  40  40  50  40  50  60
0767  40  50  60  45  30 100
0769  40  60  40  50  50  40
0770  60  40  50  50  50  40
0771  60  40  60  35  50  40
0772  40  50  40  35  50  40
0773  60  60  50  40  60  40
0774  40  40  60  45  40  40
0775  60  40  60  50  30  60
0779  60  50  30  40  40  40
0781  40  50  40  40  50  60
0783  40  50  40  50  30  60
0785  40  30  40  45  50  40
0786  60  40  40  45  30  40
0787  60  30  60  45  40  40
0788  60  30  40  55  50  40
0789  40  40  40  40  30  60
0792  60  50  50  45  40  40
0793  60  40  40  55  40  40
0794  40  50  40  60  40  60
0795  60  50  40  60  50  40
0799  80  50  40  50  50  40
0801  60  40  40  40  50  40
0802  60  50  30  50  50  80
0805  40  50  60  45  50  60
0806  60  40  50  40  70  40
0807  60  50  30  50  60  40
0808  40  70  40  50  40  40
0809  40  40  50  50  40  60
0810  60  60  40  55  60  60
0813  60  50  50  45  40  40
0814  40  70  30  50  30  40
0815  40  40  60  50  50  60
0816  40  60  40  40  50  60
0817  40  70  50  55  30  40
0820  60  60  30  45  50  60
0821  40  30  30  55  40  40
0822  60  30  40  50  60  40
0823  40  30  70  40  50  40
0825  40  50  40  60  50  60
0827  40  40  40  45  40  40
0828  80  60  40  50  40  40
0829  40  60  60  50  40  40
0830  40  50  40  40  60  40
0835  60  50  40  55  30  60
0837  40  40  60  55  50  40
0839  80  60  40  60  50  80
0840  40  30  40  55  30  40
0842  80  50  30  40  40  40
0843  60  50  40  40  30  60
0847  40  40  40  55  40  80
0848  60  40  30  40  40  60
0849  60  40  50  40  40  60
0850  40  40  30  65  40  80
0851  40  40  30  50  50  40
0852  60  30  40  45  40  40
0854  40  30  40  40  50  40
0855  60  40  60  40  60  40
0857  60  30  70  50  40  40
0858  40  50  60  45  40  40
0859  40  30  40  45  30  40
0860  40  50  40  50  40  40
0861  40  60  40  45  40  60
0863  60  60  50  35  50  40
0866  60  40  60  45  40  60
0867  40  40  60  45  40  60
0868  40  40  40  55  40  60
0869  40  50  50  45  30  60
0874  40  30  50  45  40  60
0877  60  40  40  45  70  40
0878  60  50  40  40  40  60
0879  40  40  30  50  40  60
0880  40  50  50  40  40  60
0882  60  30  40  55  30  40
0883  60  30  30  55  50  40
0885  60  30  50  40  50  80
0886  40  50  50  50  30  40
0888  40  40  60  45  40  60
0889  40  40  30  50  50  60
0890  40  40  30  55  70  40
0891  40  40  40  50  50  60
0892  60  30  50  55  40  60
0893  40  50  30  50  40  60
0894  60  60  50  50  50  60
0895  40  40  40  45  30  80
0896  60  30  30  50  40  40
0898  60  30  60  45  40  60
0899  40  40  40  60  40  40
0900  40  50  40  45  40  60
0901  80  40  40  65  60  80
0904  40  40  30  50  40  40
0905  60  80  30  45  40  40
0907  40  40  50  55  30  60
0908  40  40  30  55  40  40
0909  40  50  50  60  40  60
0910  40  30  30  45  50  40
0911  40  60  50  50  50  60
0912  60  30  40  40  40  40
0913  40  30  50  50  40  80
0915  40  50  40  35  40  40
0917  40  70  50  55  50  40
0919  60  40  40  50  40  40
0920  40  40  40  60  60  60
0921  40  50  40  55  40  60
0923  40  40  50  40  40  80
0925 100  60  60  40  40  60
0929  60  50  40  50  40  40
0932  60  50  50  45  30  40
0934  60  40  60  50  30  40
0935  60  40  40  45  50  40
0936  60  40  60  45  40  80
0939  40  40  50  40  40  60
0941  40  40  40  55  50 100
0944  60  40  40  40  30  60
0945  80  40  40  50  30  80
0946  40  60  50  35  30  60
0948  40  40  60  55  50  60
0949  40  40  40  45  30  60
0950  40  60  70  50  30  40
0951  40  40  40  70  60  40
0952  60  50  40  50  50  40
0953  40  30  40  45  30  80
0955  40  40  40  35  50  60
0957  40  30  50  55  50  40
0960  40  40  30  45  50  40
0961  60  40  50  50  30  60
0962  60  60  40  55  40  40
0964  80  40  30  65  40  40
0965  40  60  60  50  30  40
0966  60  30  50  40  30  80
0969  80  40  30  55  30  40
0971  40  50  60  40  80  40
0973  60  40  50  55  50  40
0974  60  60  50  45  50  80
0975  40  40  70  40  60  60
0978  60  30  40  55  60  60
0979  60  40  50  40  40  60
0980  40  40  40  40  30  60
0981  60  40  50  65  50  60
0983  40  50  40  55  30  80
0984  60  50  40  35  50  40
0985  40  30  50  55  30  40
0986  80  50  30  35  40  40
0987 100  40  30  40  40  40
0989  40  50  60  50  30  40
0990  40  50  40  40  70  80
0991  60  40  60  40  50  40
0993  60  50  40  40  30  60
0994  80  50  40  45  60  60
0997  40  40  70  55  30  40
0998  40  60  60  50  60  60
0999  60  40  50  40  40  60
1000  80  60  30  45  40  80
1001  60  40  30  45  40  80
1002  40  40  40  50  30  80
1005  40  40  40  40  40  60
1008  60  40  30  60  40  40
1009  40  60  50  45  60  40
1010  40  30  30  40  30  40
1011  40  30  50  45  40  60
1013  60  50  50  40  50  60
1014  60  40  40  55  50  40
1015  40  40  50  40  50  60
1017  40  50  50  50  40  80
1021  60  50  50  45  40  40
1022  60  40  40  45  50  60
1023  60  30  50  45  30  80
1024  40  60  40  50  40  40
1025  40  40  50  55  70  60
1028  80  40  50  55  70  60
1029  40  50  50  40  50  80
1030  60  30  50  50  50  60
1031  60  30  30  50  50  40
1033  60  30  40  40  40  80
1034  60  40  50  45  30  60
1035  40  40  50  50  60  40
1036  40  30  40  60  50  40
1040  40  30  40  35  50  60
1042  40  50  60  45  30  40
1043  60  60  50  45  50  40
1044  60  40  40  50  30  60
1045  40  70  40  40  50  40
1046  40  40  30  45  50  60
1047  40  40  30  45  30  40
1048  60  50  40  45  50  40
1049  40  70  30  45  40  60
1051  40  50  40  55  40  80
1052  60  50  30  45  60  60
1054  60  30  50  55  40  40
1055  40  50  40  50  40  60
1056  60  50  40  55  50  40
1058  40  40  40  45  70  40
1060  40  30  50  40  50  80
1062  80  30  30  60  50  60
1064  60  40  40  50  60  60
1065  60  50  40  40  50  40
1066  60  40  40  45  30  60
1068  60  40  50  40  50  40
1069  80  40  40  55  60  40
1070  80  40  40  60  40  40
1071  60  50  40  60  40  40
1072  40  60  50  40  60  40
1073  80  50  50  45  50  80
1075  40  60  40  55  50  40
1076  40  50  30  55  40  60
1077  60  70  30  55  40  40
1078  40  60  40  50  50  40
1079  40  30  50  45  50  40
1081  60  60  50  45  30  40
1082  60  40  40  45  40  40
1083  40  30  50  55  40  80
1084  40  40  40  50  30  60
1087  60  50  30  50  40  40
1088  60  50  40  50  40  80
1089  40  60  60  45  40  40
1090  40  70  40  50  40  40
1093  40  50  50  40  40  40
1096  60  60  30  50  60  60
1097  80  30  40  50  60  40
1098  40  40  40  40  50  40
1099  40  30  50  40  50  40
1100  60  40  50  55  40  80
1102  40  40  40  55  30  40
1105  60  50  30  55  30  40
1106  40  40  60  45  40  80
1107  60  60  40  35  40  80
1109  40  40  50  50  40  40
1110  40  50  30  55  50  40
1112  60  30  30  40  50  60
1113  40  60  40  40  40  40
1115  60  50  50  45  60  60
1116  40  40  40  45  50  40
1117  40  30  40  55  30  60
1119  40  60  40  40  40  60
1122  40  30  30  45  50  40
1123  40  40  30  50  30  40
1125  40  40  60  50  50  80
1126  60  60  40  35  30  40
1128  80  60  30  40  50  60
1130  60  30  70  75  30  40
1132  60  50  80  40  30  40
1133  60  30  60  55  50  60
1137  40  30  50  50  60  40
1138  40  50  60  60  30  60
1139  40  40  40  60  60  60
1141  40  50  50  45  50  60
1142  40  60  50  50  30  60
1143  40  60  50  50  40  40
1145  40  40  50  50  30  80
1147  60  30  40  45  30  40
1151  60  40  40  45  60  40
1153  40  40  40  40  50  60
1157  60  40  50  45  40  60
1158  40  30  40  55  50  80
1161  80  60  40  45  30  40
1162  40  40  50  40  70  40
1164  80  40  50  35  30  60
1166  80  50  40  50  60  40
1169  60  30  50  45  30  40
1170  60  50  30  55  40  60
1171  60  40  50  45  60  60
1172  40  70  40  55  40  40
1173  60  30  70  45  80  40
1174  60  30  60  45  40  40
1176  40  50  50  50  30  80
1178  40  60  30  40  40  40
1179  40  30  50  50  50  60
1181  40  40  50  50  40  60
1182  40  50  30  60  40  60
1183  60  40  30  60  60  40
1185  80  50  40  45  60  60
1186  60  70  50  55  30  60
1187  60  40  40  50  50  40
1190  40  50  40  45  40  40
1192  60  60  50  50  50  60
1193  60  80  70  55  30  60
1194  80  40  50  50  40  40
1195  40  60  40  60  50  80
1196  60  40  50  55  50  40
1197  40  50  40  50  40  40
1199  40  50  50  55  50  60
1200  60  50  40  45  60  40
1202  60  70  40  50  40  60
1203  40  40  40  55  30  60
1205  40  50  30  55  40  40
1206  40  50  30  35  30  60
1208  40  50  60  50  50  60
1209  60  60  40  40  50  80
1210 100  40  50  65  40  60
1211  60  30  40  45  40  60
1212  60  40  50  55  50  80
1213  40  50  30  55  50  40
1214  60  30  50  45  40  60
1215  40  30  40  55  40  40
1217  40  40  40  45  50  60
1218  60  40  50  50  40  60
1219  60  60  40  45  40  40
1220  60  30  60  65  40  60
1222  40  50  40  40  50  60
1223  40  50  40  45  40  40
1229  40  40  30  50  60  40
1230  60  30  50  50  40  60
1232  60  50  30  55  40  60
1233  40  40  40  55  50  40
1234  60  40  30  55  50  60
1236  40  40  40  50  60  40
1238  40  30  30  40  50  60
1239  40  40  30  35  30  40
1241  40  40  50  55  40  80
1242  40  40  40  45  40  80
1243  60  50  40  40  40  40
1244  40  60  50  40  40  40
1245  80  50  30  45  60  40
1247  40  40  50  50  30  40
1249  40  40  40  50  50  40
1253  40  40  40  50  30  60
1255  80  40  50  50  50  80
1257  60  50  60  35  50  80
1258  40  50  30  35  50  40
1261  40  30  50  60  30  80
1262  40  40  50  55  50  60
1263  40  30  40  55  40  60
1264  80  60  30  45  40  40
1265  40  30  30  40  40  40
1266  60  50  30  50  40  40
1267  40  30  70  40  40  40
1268  60  30  30  60  40  40
1269  80  50  50  50  30  40
1270  40  30  60  45  40  40
1271  40  50  50  40  30  60
1272  60  40  30  40  40  40
1273  60  40  50  45  70  60
1274  40  50  50  45  40  60
1276  60  40  40  40  60  60
1279  60  30  40  45  40  40
1281  40  40  30  50  40  40
1282  60  40  50  40  50  40
1283  60  50  40  60  40  40
1284  60  40  50  40  50  60
1285  40  40  50  55  30  60
1286  40  50  50  50  30  40
1287  60  30  40  50  60  40
1288  40  50  60  45  60  60
1290  60  40  50  50  30  60
1294  40  40  40  40  40  40
1295  40  40  30  60  50  60
1296  60  50  40  40  60  60
1297  40  60  50  50  60  40
1299  60  30  50  60  50  60
1303  40  70  50  45  40  60
1304  40  40  40  45  50  40
1305  40  50  40  55  60  80
1306  60  30  40  60  30  60
1308  40  50  50  40  40  40
1309  40  40  40  55  50  40
1311  60  50  50  40  30  40
1313  60  40  40  45  50  40
1314  60  50  40  50  40  40
1316  60  50  50  35  30  80
1317  40  50  30  45  40  40
1319  60  50  60  45  30  60
1320  40  40  40  40  40  40
1321  40  50  50  60  70  40
1322  40  40  50  45  30  60
1323  60  30  40  50  40  60
1324  60  60  30  45  30  60
1326  60  30  30  45  30  60
1327  40  40  50  55  30  80
1329  80  60  30  40  30  40
1330  40  70  50  55  60  40
1331  60  50  50  50  30  60
1332  60  40  30  55  50  40
1333  80  50  40  40  40  40
1334  60  30  40  35  30  40
1335  60  30  60  45  40  60
1336  80  50  30  55  40  60
1338  80  40  50  50  40  40
1339  80  30  50  50  40  40
1340  60  30  50  40  30  40
1341  40  30  40  40  40  40
1342  60  50  40  45  50  60
1344  40  70  40  50  50  40
1345  60  30  40  60  30  60
1348 100  40  40  50  40  60
1350  60  50  40  55  50  40
1352  40  40  50  55  40  60
1353  60  40  40  55  40  40
1354  80  60  30  40  60  60
1356  40  60  40  50  60  60
1357  40  70  70  50  30  40
1361  60  50  30  55  30  60
1362  80  50  50  60  50  40
1363  40  40  30  55  50  40
1365  80  40  70  40  30  40
1366  40  40  30  50  50  60
1367  40  50  30  40  40  40
1369  60  30  50  50  40  40
1370  80  30  40  60  40  40
1371  60  50  40  65  50  40
1372  40  50  50  55  40  60
1373  60  40  50  45  40  60
1374  60  40  60  45  30  60
1376  60  30  70  45  50  60
1377  60  30  50  55  30  60
1379  40  50  50  40  50  40
1380  40  40  30  45  50  40
1381  40  50  50  55  40  40
1382  40  40  40  45  50  60
1383  60  50  40  65  60  60
1384  40  50  40  50  50  40
1385  60  50  50  40  40  60
1389  40  50  40  40  50  40
1390  40  50  40  50  30  40
1391  40  60  40  65  60  40
1392  60  50  40  40  40  40
1393  40  50  40  45  60  60
1394  40  40  30  50  30  60
1395  60  40  50  40  60  60
1397  40  30  40  45  40  40
1398  40  50  40  55  40  40
1399  80  60  60  60  50  40
1400  40  30  40  50  30  40
1402  40  40  50  55  40  40
1403  60  70  50  40  40  60
1404  40  40  40  40  30  40
1405  60  50  30  40  70  40
1406  60  60  40  45  30  60
1407  40  50  60  45  40  60
1408  40  40  40  50  30  60
1410  60  50  30  45  50  40
1411  60  50  50  55  40  40
1412  60  50  30  35  70  40
1414  40  50  50  35  40  40
1418  60  30  60  55  40  80
1419  40  40  40  45  40  60
1420  60  70  30  50  30  80
1422  60  50  30  50  50  80
1423  40  30  60  55  40  60
1425  60  40  40  45  50  60
1427  40  50  50  45  50  40
1428  60  50  40  40  50  60
1431  60  30  30  40  40  80
1432  40  40  60  45  40  80
1433  40  40  50  65  30  40
1436  40  30  40  55  30  60
1437  60  30  30  45  70  60
1439  60  40  40  45  60  40
1440  40  50  40  55  30  60
1441  40  60  40  45  50  40
1443  40  30  40  55  50  60
1444  60  40  40  40  40  40
1447  40  30  60  45  50  40
1448  60  60  50  50  50  60
1449  60  40  40  50  40  40
1451  40  50  50  50  50  60
1452  40  70  30  50  30  40
1454  80  60  40  55  60  40
1456  80  30  30  40  60  40
1457  40  50  30  50  50  40
1458  40  30  40  55  40  40
1460  40  30  40  50  50  40
1462  40  30  30  35  50  40
1463  80  30  50  55  40  40
1464  80  40  40  45  50  60
1466  40  50  30  50  60  60
1470  80  50  70  50  30  60
1472  60  50  40  55  40  40
1475  40  40  60  45  60  40
1479  40  40  40  55  30  80
1480  60  40  50  45  50  60
1482  40  50  40  55  30  40
1483  60  30  60  50  40  60
1486  40  40  60  50  40  40
1488  40  60  30  50  60  40
1490  40  30  40  45  50  40
1491  60  40  30  40  40  40
1492  40  30  60  40  40  60
1493  60  50  30  45  30  60
1494  60  70  40  40  30  40
1496  40  50  30  45  30  80
1497  60  40  60  45  50  80
1498  60  30  50  40  40  60
1499  40  70  40  60  40  60
1500  40  40  30  50  40  40
1502  40  40  50  35  30  40
1504  60  40  40  40  30  40
1506  60  40  40  35  40  60
1507  60  30  40  50  50  40
1508  80  40  50  55  50  40
1509  60  60  40  50  50  60
1511  60  40  50  40  40  40
1512 100  50  40  55  50  60
1514  60  50  50  40  30  40
1515  40  60  30  55  40  40
1516  60  40  60  55  40  60
1518  60  50  50  50  60  40
1519  40  50  50  45  60  40
1520  60  50  30  45  40  40
1521  60  40  40  40  30  60
1522  80  60  40  50  30  40
1523  40  40  50  40  60  40
1526  80  40  50  45  50  60
1527  80  40  30  50  50  60
1529  60  60  40  50  70  60
1530  60  40  30  55  50  40
1533  80  40  40  50  40  40
1534  60  50  60  40  40  80
1536  60  40  40  55  60  40
1537  40  60  40  60  50  60
1538  40  40  40  40  60  60
1541  80  40  40  45  60  40
1543  60  30  40  50  50  60
1547  40  50  50  55  40  60
1548  40  50  70  60  30  60
1549  40  50  50  50  60  60
1551  60  30  40  45  40  60
1552  40  30  30  55  30  40
1553  60  40  30  45  30  40
1554  60  60  40  55  60  40
1556  40  40  40  40  40  60
1557  60  30  30  40  50  40
1558  40  70  50  50  40  40
1559  60  80  30  50  40  40
1560  60  40  30  40  40  80
1562  60  30  40  40  50  40
1563  40  30  40  60  40  60
1564  80  50  40  55  80  60
1565  40  60  50  50  30  60
1567  40  40  40  40  40  60
1568  40  60  40  60  30  40
1569  40  50  40  50  30  40
1570  60  30  30  50  40  60
1571  40  30  50  40  30  40
1572  40  30  30  55  30  40
1573  40  30  50  45  70  60
1574  60  90  30  50  70  60
1575  80  60  50  50  30  60
1576  40  50  30  50  60  40
1577  80  50  30  40  40  40
1578  40  40  50  40  40  40
1579  80  30  30  40  40  40
1580  40  50  70  40  50  40
1581  60  30  30  50  40  60
1582  40  30  40  45  40  40
1583  80  30  40  45  50  60
1584  80  50  40  60  50  40
1585  40  40  60  50  40  40
1586  40  40  50  40  40  40
1587  40  50  30  45  50  40
1588  60  40  30  50  30  40
1590  40  40  30  50  50  40
1591  60  40  50  40  40  40
1592  40  50  50  40  40  60
1595  60  50  60  50  50  40
1596  40  30  60  50  40  40
1597  60  70  60  50  40  60
1599  60  60  50  45  40  40
1600  60  30  40  45  60  60
1603  40  40  40  50  50  40
1604  40  60  50  40  60  60
1606  40  40  50  45  40  60
1609  40  40  30  50  70  40
1610  60  40  40  45  40  80
1611  80  50  40  55  30  40
1612  40  30  50  55  40  60
1613  40  50  40  45  50  40
1614  80  50  50  55  30  40
1615  60  50  60  35  60  40
1616  40  40  50  55  50  60
1617  40  40  40  60  40  60
1619  80  50  70  50  50  60
1621  60  40  30  45  40  40
1623  60  50  60  55  30  60
1624  40  30  50  40  40  60
1626  40  40  40  45  40  60
1627  60  30  50  50  60  60
1628  40  40  40  45  30  80
1629  60  40  40  35  40  40
1630  40  50  60  40  40  40
1632  40  50  40  50  30  40
1634  40  30  40  50  60  60
1635 100  50  30  45  60  40
1636  40  70  50  35  60  60
1638  40  60  30  35  40  40
1639  60  60  50  45  30  80
1640  80  60  40  50  30  60
1642  60  40  40  35  40  40
1644  40  50  40  45  70  40
1647  60  50  50  65  60  40
1649  40  50  40  50  30  60
1651  40  50  30  45  40  60
1653  60  30  40  45  60  40
1654  40  30  40  45  60  80
1657  60  30  40  45  30  40
1658  40  30  40  45  30  60
1660  60  30  30  60  30  40
1663  40  60  30  45  50  40
1664  40  50  60  45  30  60
1666  60  50  40  50  30  40
1667  40  50  30  40  30  60
1668  40  50  30  60  70  40
1672  60  50  40  55  50  60
1673  40  60  40  55  70  60
1674  40  60  40  50  40  40
1675  40  40  50  50  40  40
1676  40  50  50  45  60  60
1678  40  30  60  50  30  60
1682  60  60  60  40  40  40
1684  40  30  50  45  40  40
1685  80  30  50  50  40  60
1686  40  40  40  40  30  60
1687  40  40  40  45  30  40
1689  40  60  60  45  80  40
1691  40  30  60  45  70  60
1692  60  50  30  50  40  40
1693  60  40  40  50  40  40
1694  40  30  50  45  70  40
1695  40  50  40  50  50  40
1696  40  50  50  40  50  40
1698  40  50  50  45  50  80
1700  40  40  40  45  50  40
1701  40  40  50  55  50  40
1702  40  40  60  55  30  60
1703  40  30  60  55  50  40
1704  80  40  50  45  50  60
1706  60  50  40  50  40  60
1707  40  50  40  55  50  40
1708  60  40  30  45  30  40
1710  40  50  50  45  60  40
1712  40  40  30  45  50  60
1713  40  40  30  40  40  80
1715  60  40  50  45  50  60
1716  40  30  50  35  40  60
1718  60  70  40  50  30  40
1719  40  40  50  50  30  40
1720  60  40  60  45  50  40
1721  80  70  30  45  60  60
1722  60  50  30  65  30  40
1723  60  30  40  65  40  40
1725  40  50  50  50  50  80
1726  40  30  40  35  50  40
1728  60  40  40  40  60  40
1729  60  30  30  55  60  80
1730  40  30  60  50  30  40
1731  80  30  50  40  40  60
1732  40  60  30  40  80  80
1733  60  40  50  40  40  40
1734  60  40  40  40  50  40
1735  40  60  40  65  40  60
1736  60  40  50  50  40  40
1738  60  40  40  45  50  40
1739  40  50  40  50  40  60
1740  40  60  30  40  40  80
1743  40  50  40  45  30  40
1745  40  60  40  45  30  60
1746  40  30  60  45  40  60
1747  40  30  40  45  50  40
1748  80  50  30  40  30  40
1749  60  40  40  50  50  60
1750  40  30  50  45  40  60
1753  40  40  40  55  30  60
1754  60  30  50  55  30  60
1755  40  50  40  45  30  60
1757  40  50  40  50  50  40
1758  40  40  30  50  40  40
1759  60  50  40  50  50  60
1763  60  40  40  50  40  40
1764  60  40  30  45  40  40
1765  40  40  50  40  50  80
1766  60  60  40  40  30  80
1767  60  40  60  55  50  40
1768  40  50  40  40  50  80
1769  80  50  30  60  40  60
1771  80  60  30  40  50  60
1772  60  50  40  40  50  40
1774  60  60  40  40  40  40
1775  80  30  50  40  30  60
1776 100  50  40  55  40  40
1779  60  40  40  40  30  40
1781  80  40  50  40  30  60
1782  40  40  50  45  30  40
1783  40  40  60  45  40  40
1785  40  40  40  40  50  40
1788  40  40  40  50  50  40
1789  60  40  40  60  40  60
1790  40  40  30  45  50  60
1791  40  50  50  55  60  40
1792  60  60  30  50  60  40
1793  40  30  40  35  50  40
1795  60  40  30  55  60  60
1797  60  60  40  40  40  40
1798  40  30  70  55  60  40
1800  40  50  60  40  40  60
1801  40  40  50  50  50  80
1803  60  40  60  50  40  80
1804  60  50  50  45  50  80
1806  40  60  50  45  40  60
1807  80  60  40  50  30  40
1808  40  40  60  40  40  60
1810  80  40  50  45  60  80
1811  40  60  50  40  50  40
1812  40  30  40  45  40  40
1813  60  50  40  40  30  40
1814  40  50  40  45  40  60
1816  60  60  50  50  50  60
1817  60  30  50  45  30  60
1818  40  60  60  50  50  40
1821  60  50  50  45  40  40
1822  60  50  50  45  40  60
1823  40  50  40  50  30  60
1828  80  40  60  45  40  40
1829 100  60  30  55  30  80
1830  60  40  30  50  40  40
1832  60  70  40  35  50  40
1834  60  40  70  45  30  40
1836  60  40  40  45  40  40
1839  60  50  50  40  40  40
1840  40  30  40  50  40  40
1842  40  50  40  55  30  60
1844  40  50  50  45  30  40
1845  80  50  50  35  50  40
1846  60  40  40  60  40  40
1847  40  50  60  55  40  60
1848  40  40  50  50  30  40
1851  60  40  40  40  30  60
1852  60  50  30  50  40  40
1854  40  30  60  55  50  60
1855  40  30  40  50  40  40
1856  60  50  40  45  40  40
1858  60  30  60  55  40  80
1859  40  30  30  45  40  60
1860  40  50  30  35  30  40
1861  60  30  50  60  40  60
1862  40  30  60  55  40  40
1863  40  30  40  45  40  60
1864  40  30  30  55  40  40
1871  60  50  40  40  40  40
1873  60  60  40  55  30  60
1875  40  50  30  55  40  40
1876  60  60  40  45  40  80
1878  40  40  60  35  50  40
1879  40  40  60  60  50  60
1881  60  50  30  50  50  40
1883  40  70  40  55  40  60
1884  60  30  30  60  40  60
1885  60  50  60  50  40  40
1888  40  50  40  45  40  40
1890  80  50  40  50  40  40
1891  80  40  40  35  40  80
1895  60  40  40  45  70  40
1896  60  30  30  45  40  80
1897  80  60  30  40  50  80
1898  80  60  50  55  50  60
1899  60  50  40  40  30  40
1901  40  60  40  40  50  60
1904  40  60  30  50  50  60
1905  40  40  50  50  30  40
1907  40  40  40  50  80  60
1908  40  30  50  45  50  40
1909  40  30  80  40  40  60
1910  40  30  50  55  50  60
1911  60  50  30  50  30  40
1915  40  60  30  40  60  40
1917  60  40  50  45  50  40
1920  40  50  50  40  50  60
1921  60  40  50  40  40  40
1922  40  30  50  60  50  80
1926  40  30  80  55  30  60
1927  60  40  30  45  40  40
1928  40  30  50  45  50  60
1929  60  40  50  50  40  60
1930  40  40  30  40  40  60
1931  60  40  30  45  40  60
1932 100  50  40  50  60  40
1933  80  50  30  40  60  40
1936  40  50  40  45  40  40
1937  40  40  50  50  40  40
1939  60  50  50  50  40  40
1942  40  30  30  50  30  80
1943  60  60  40  50  60  40
1944  40  40  50  55  50  60
1945  60  80  30  55  50  40
1946  80  50  30  45  50  80
1947  80  70  40  50  60  60
1948  40  40  30  50  50  60
1949  40  40  40  55  40  60
1950  60  40  30  60  40  60
1954  40  30  60  45  40  60
1956  60  30  50  50  40  60
1957  60  30  40  45  40  40
1958  80  60  40  35  40  40
1960  40  40  40  60  60  60
1961  80  40  50  55  50  40
1962  40  30  40  50  30  40
1963  60  40  40  65  60  60
1964  40  40  40  40  50  60
1967  60  40  50  50  40  40
1968  60  50  30  50  50  60
1970  40  50  50  50  40  60
1971  40  40  50  45  40  60
1973  60  50  30  40  40  40
1974  80  60  60  50  40  80
1975  60  30  40  65  40  40
1976  60  40  50  40  40  40
1977  80  60  50  50  50  60
1978  60  40  30  45  50  80
1979  40  50  50  40  40  80
1980  40  40  50  50  50  60
1981  40  30  30  60  30  40
1982  40  70  30  45  50  60
1983  60  30  50  40  40  40
1984  40  50  40  50  60  40
1986  40  40  40  45  40  40
1987  60  60  50  45  50  80
1989  40  40  50  55  30  40
1990  40  30  30  55  80  40
1992  60  40  30  45  40  60
1993  40  30  40  50  50  40
1994  60  30  40  35  50  40
1996  40  40  40  40  40  40
1997  40  40  50  45  40  40
1999  60  40  30  45  40  40
5000  60  40  40  60  40  40
